inputs/ARCSIX-DASH_P3B_20240610_R1.ict
41,1001
Armin Sorooshian, Miguel Hilario, Cassidy Soloff, Kayla Preisler, and Eva-Lou Edwards
University of Arizona
Differential aerosol sizing and hygroscopicity spectrometer probe (DASH-SP)
ARCSIX
1,1
2024,06,10,2025,09,30
0
Time_Start, seconds, Time_Start, UTC Start time in seconds from midnight
6
1,1,1,1,1,1
-9999,-9999,-9999,-9999,-9999,-9999
Time_Stop, seconds, Time_Stop, UTC Stop time in seconds from midnight
Time_Mid, seconds, Time_Mid, UTC Mid time in seconds from midnight
RH, Percent, none, Relative humidity of the air stream after instrument humidification in units of percent
Dp, nm, none, Dry particle diameter selected by the differential mobility analyzer
RI, none, AerOpt_n_InSitu_UV_RHd_Accu_None, Real part of the refractive index at a dry relative humidity
GF, none, AerMP_gRH_InSitu_RHsp_Mobility_Accu_None, Hygroscopic growth factor defined as the ratio of wet diameter to dry diameter
0
21
PI_CONTACT_INFO: armin@arizona.edu
PLATFORM: NASA WFF P-3B N426NA
LOCATION: Aircraft location is given in navigational data
ASSOCIATED_DATA: N/A
INSTRUMENT_INFO: University of Arizona DASH-SP (Brechtel Mfg. Inc., http://www.brechtel.com/)
DATA_INFO: none
UNCERTAINTY: 0.03 for RI. 0.23 for GF.
ULOD_FLAG: -7777
ULOD_VALUE: N/A
LLOD_FLAG: -8888
LLOD_VALUE: N/A
DM_CONTACT_INFO: armin@arizona.edu
PROJECT_INFO: ARCSIX 2024
STIPULATIONS_ON_USE: Please consult the PI (Armin Sorooshian: armin@arizona.edu) prior to use
OTHER_COMMENTS: N/A
REVISION: R1
R1: Calibration corrections, resampling, and additional quality control.
R0: Quality control revision.
RB: Preliminary data for in-field use. Additional post-processing added prior to retrieval.
RA: Preliminary data for in-field use.
Time_Start,Time_Stop,Time_Mid,RH,Dp,RI,GF
39954.0,39984.0,39969.0,85.492,200,1.5217,1.0849
39984.0,40014.0,39999.0,85.5058,200,1.5246,1.1668
40014.0,40044.0,40029.0,85.9047,200,1.5152,1.117
40044.0,40074.0,40059.0,85.0599,200,1.511,1.0527
40074.0,40104.0,40089.0,85.3783,200,1.5072,1.0139
40104.0,40134.0,40119.0,84.15,200,1.5151,0.9608
40134.0,40164.0,40149.0,83.2492,200,1.5293,1.0636
40164.0,40192.0,40178.0,85.0494,200,1.5382,1.2856
40192.0,40220.0,40206.0,85.9456,200,1.5444,1.2137
40220.0,40248.0,40234.0,86.8075,200,1.5402,1.2026
40248.0,40277.0,40262.5,85.708,200,1.537,1.2943
40277.0,40316.0,40296.5,85.9135,200,1.5311,1.3234
40316.0,40357.0,40336.5,86.0367,200,1.5264,1.2565
40357.0,40421.0,40389.0,84.8827,200,1.5236,1.219
40421.0,40447.0,40434.0,84.7495,200,1.5213,1.2244
40447.0,40488.0,40467.5,84.6545,200,1.5068,1.219
40488.0,40526.0,40507.0,84.8246,200,1.5194,1.1494
40526.0,40570.0,40548.0,85.0464,200,1.5218,1.1173
41285.0,41313.0,41299.0,84.7555,250,1.5382,1.4924
41486.0,41539.0,41512.5,84.3764,200,1.5302,1.2297
41539.0,41604.0,41571.5,84.6537,200,1.5368,1.2137
41604.0,41687.0,41645.5,84.844,200,1.5482,1.1628
41687.0,41713.0,41700.0,84.17,200,1.548,1.12
41713.0,41738.0,41725.5,84.7593,200,1.5625,1.1655
41738.0,41764.0,41751.0,83.784,200,1.5564,1.1334
41764.0,41823.0,41793.5,84.1066,200,1.5433,1.2297
41823.0,41861.0,41842.0,84.5186,200,1.5382,1.2351
41861.0,41890.0,41875.5,84.21,200,1.5452,1.227
41890.0,41917.0,41903.5,83.7247,200,1.5513,1.2725
41917.0,41944.0,41930.5,84.1457,200,1.5518,1.2565
41944.0,41973.0,41958.5,83.8803,200,1.5386,1.2672
41973.0,41999.0,41986.0,84.4144,200,1.5508,1.2297
41999.0,42023.0,42011.0,83.8049,200,1.5335,1.2418
42023.0,42050.0,42036.5,84.4102,200,1.5375,1.2618
42050.0,42078.0,42064.0,84.4899,200,1.5483,1.2797
42078.0,42107.0,42092.5,84.7922,200,1.552,1.2945
42107.0,42136.0,42121.5,85.5853,200,1.5429,1.2735
42136.0,42166.0,42151.0,85.6274,200,1.5485,1.2895
42166.0,42196.0,42181.0,86.1713,200,1.5528,1.2865
42196.0,42226.0,42211.0,86.0106,200,1.5443,1.2865
42226.0,42253.0,42239.5,86.6413,200,1.5483,1.2767
42403.0,42427.0,42415.0,83.1558,180,1.5343,1.1849
42470.0,42500.0,42485.0,83.5839,200,1.5465,1.2924
42500.0,42527.0,42513.5,83.6963,200,1.5494,1.3153
42556.0,42684.0,42620.0,-9999.0,1000,1.5522,-9999.0
42816.0,42846.0,42831.0,85.5091,180,1.5272,1.2427
42846.0,42875.0,42860.5,85.1973,180,1.5384,1.2454
42875.0,42884.0,42879.5,85.5025,180,1.5429,1.2989
42905.0,42931.0,42918.0,85.439,200,1.5468,1.3332
42952.0,42976.0,42964.0,85.4653,250,1.5628,1.4496
42999.0,43026.0,43012.5,84.9008,350,1.5487,1.4818
43028.0,43037.0,43032.5,85.9429,350,1.5393,1.3996
43056.0,43079.0,43067.5,84.6576,450,1.5663,1.6747
43113.0,43148.0,43130.5,85.2551,600,1.5546,1.3463
43327.0,43359.0,43343.0,85.0479,600,1.5335,1.3508
43359.0,43379.0,43369.0,84.9238,600,1.5128,1.3389
43404.0,43425.0,43414.5,85.1821,450,1.5331,1.6916
43461.0,43490.0,43475.5,85.1713,350,1.5514,1.4455
43490.0,43497.0,43493.5,86.0475,350,1.5552,1.4073
43518.0,43543.0,43530.5,85.9472,250,1.5561,1.4478
43565.0,43591.0,43578.0,85.9173,200,1.5459,1.3192
43612.0,43640.0,43626.0,85.3125,180,1.5284,1.1998
43659.0,43689.0,43674.0,84.8426,200,1.5423,1.3287
43689.0,43716.0,43702.5,84.7514,200,1.5461,1.326
43716.0,43743.0,43729.5,85.19,200,1.5489,1.3474
43743.0,43771.0,43757.0,84.6119,200,1.546,1.3309
43771.0,43797.0,43784.0,84.806,200,1.5573,1.3268
43833.0,43860.0,43846.5,85.3643,180,1.5317,1.1965
43880.0,43905.0,43892.5,84.7637,200,1.546,1.2975
43927.0,43952.0,43939.5,84.9826,250,1.5436,1.4094
43974.0,44003.0,43988.5,85.1604,350,1.5561,1.471
44003.0,44017.0,44010.0,85.1619,350,1.5526,1.5181
44036.0,44066.0,44051.0,85.0675,200,1.5527,1.3675
44066.0,44094.0,44080.0,85.1412,200,1.5569,1.4023
44094.0,44115.0,44104.5,85.1049,200,1.5593,1.3748
45055.0,45085.0,45070.0,82.7442,200,1.5484,1.1916
45085.0,45115.0,45100.0,85.1156,200,1.5493,1.2585
45115.0,45142.0,45128.5,85.3969,200,1.5511,1.2551
45142.0,45172.0,45157.0,85.6378,200,1.5434,1.2719
45172.0,45202.0,45187.0,85.6076,200,1.5432,1.2695
45202.0,45229.0,45215.5,85.5695,200,1.5465,1.2618
45229.0,45259.0,45244.0,85.9349,200,1.5452,1.2451
45259.0,45286.0,45272.5,85.8485,200,1.5383,1.2499
45311.0,45339.0,45325.0,85.6434,180,1.5239,1.1518
45339.0,45349.0,45344.0,84.4867,180,1.5243,1.1443
45368.0,45394.0,45381.0,85.3962,200,1.5457,1.2163
45415.0,45443.0,45429.0,85.3059,250,1.5328,1.2504
45462.0,45486.0,45474.0,85.0363,350,1.5229,1.2505
45486.0,45500.0,45493.0,84.8375,350,1.5191,1.262
45519.0,45539.0,45529.0,85.303,450,1.5144,1.3923
45702.0,45730.0,45716.0,85.0773,180,1.5292,1.1321
45749.0,45777.0,45763.0,84.6273,200,1.5411,1.215
45796.0,45824.0,45810.0,85.0996,250,1.5402,1.2432
45843.0,45873.0,45858.0,85.4578,350,1.522,1.2658
45873.0,45881.0,45877.0,85.2375,350,1.5218,1.2888
45905.0,45932.0,45918.5,85.0244,450,1.5112,1.428
46037.0,46063.0,46050.0,84.9268,450,1.5155,1.2764
46091.0,46117.0,46104.0,85.5206,350,1.5194,1.313
46117.0,46129.0,46123.0,84.7312,350,1.5264,1.2811
46148.0,46174.0,46161.0,84.919,250,1.5408,1.2776
46195.0,46223.0,46209.0,84.9346,200,1.5392,1.2045
46242.0,46270.0,46256.0,85.2531,180,1.5248,1.1114
46289.0,46317.0,46303.0,85.0903,200,1.5413,1.2083
46336.0,46364.0,46350.0,85.3618,250,1.5499,1.2355
46383.0,46412.0,46397.5,85.3601,350,1.5233,1.2582
46412.0,46425.0,46418.5,84.7911,350,1.5194,1.3308
46444.0,46469.0,46456.5,85.5593,200,1.5374,1.3228
46469.0,46504.0,46486.5,84.5365,200,1.5325,1.2458
46504.0,46534.0,46519.0,85.4205,200,1.5269,1.2414
46534.0,46564.0,46549.0,84.9575,200,1.5262,1.2249
46564.0,46592.0,46578.0,85.0567,200,1.5264,1.2261
46592.0,46621.0,46606.5,84.7759,200,1.5224,1.2198
46621.0,46651.0,46636.0,84.804,200,1.5262,1.1628
46651.0,46678.0,46664.5,85.1885,200,1.5316,1.1999
46678.0,46708.0,46693.0,86.3897,200,1.5337,1.215
46708.0,46737.0,46722.5,86.2055,200,1.5245,1.2278
46737.0,46767.0,46752.0,85.772,200,1.5258,1.2389
46788.0,46816.0,46802.0,85.3614,180,1.5161,1.0908
46835.0,46863.0,46849.0,85.3918,200,1.5329,1.2244
46882.0,46908.0,46895.0,85.1804,250,1.5367,1.3265
46929.0,46952.0,46940.5,85.1285,350,1.5171,1.3193
46986.0,47015.0,47000.5,84.3824,450,1.5141,1.2556
47120.0,47144.0,47132.0,85.1033,450,1.5124,1.2556
47177.0,47205.0,47191.0,84.2601,350,1.5174,1.2582
47205.0,47213.0,47209.0,85.6333,350,1.5182,1.2353
47234.0,47261.0,47247.5,84.8328,250,1.53,1.2591
47281.0,47309.0,47295.0,84.9494,200,1.5312,1.2011
47328.0,47356.0,47342.0,84.2386,180,1.5181,1.0908
47375.0,47405.0,47390.0,84.3469,200,1.5331,1.2069
47405.0,47435.0,47420.0,84.5229,200,1.5364,1.1972
47435.0,47465.0,47450.0,84.1356,200,1.5404,1.2518
47465.0,47494.0,47479.5,85.3121,200,1.5511,1.343
47494.0,47509.0,47501.5,85.1636,200,1.5597,1.2707
47509.0,47557.0,47533.0,84.46,200,1.5489,1.1762
47557.0,47584.0,47570.5,84.0054,200,1.5499,1.1644
47584.0,47610.0,47597.0,83.836,200,1.5467,1.1882
47631.0,47659.0,47645.0,84.163,180,1.5284,1.0767
47678.0,47705.0,47691.5,83.9867,200,1.5438,1.1976
47725.0,47751.0,47738.0,84.2532,250,1.5417,1.2473
47772.0,47802.0,47787.0,84.115,350,1.5237,1.2794
47802.0,47807.0,47804.5,84.81,350,1.5264,1.2238
47832.0,47859.0,47845.5,83.6946,450,1.515,1.1921
48060.0,48109.0,48084.5,84.0244,800,1.4116,1.0465
48268.0,48297.0,48282.5,83.5118,200,1.5332,1.176
48297.0,48327.0,48312.0,83.7424,200,1.5317,1.1749
48328.0,48358.0,48343.0,84.3355,200,1.5281,1.2207
48358.0,48388.0,48373.0,84.0016,200,1.5341,1.2548
48388.0,48417.0,48402.5,84.3464,200,1.5301,1.2339
48417.0,48447.0,48432.0,84.4691,200,1.5276,1.24
48447.0,48477.0,48462.0,84.7548,200,1.5282,1.2453
48478.0,48508.0,48493.0,84.728,200,1.5294,1.2533
48508.0,48538.0,48523.0,84.8283,200,1.5295,1.2543
48539.0,48569.0,48554.0,84.6391,200,1.535,1.2541
48569.0,48599.0,48584.0,84.975,200,1.5321,1.2588
48599.0,48629.0,48614.0,84.441,200,1.5324,1.2546
48630.0,48660.0,48645.0,84.4292,200,1.5311,1.2525
48783.0,48813.0,48798.0,85.3293,200,1.5294,1.2319
48813.0,48819.0,48816.0,83.8667,200,1.541,1.2244
48838.0,48874.0,48856.0,85.786,600,1.4904,1.2794
48874.0,48924.0,48899.0,85.8526,600,1.4905,1.2958
48958.0,49000.0,48979.0,85.4606,500,1.4909,1.3565
49000.0,49028.0,49014.0,85.2023,500,1.4934,1.3543
49048.0,49063.0,49055.5,84.7839,450,1.51,1.2764
49071.0,49082.0,49076.5,85.4347,450,1.513,1.321
49106.0,49134.0,49120.0,85.2946,180,1.5352,1.0934
49153.0,49181.0,49167.0,85.1536,200,1.5313,1.2241
49200.0,49227.0,49213.5,84.414,250,1.5429,1.2718
49251.0,49305.0,49278.0,83.7007,200,1.5424,1.2698
49305.0,49330.0,49317.5,84.0817,200,1.5411,1.2384
49541.0,49571.0,49556.0,85.0513,200,1.5345,1.2345
49571.0,49681.0,49626.0,86.4796,200,1.5335,1.1708
49681.0,49711.0,49696.0,85.738,200,1.5418,1.185
49711.0,49739.0,49725.0,85.8114,200,1.5353,1.1816
49739.0,49864.0,49801.5,85.8714,200,1.5375,1.2886
49864.0,49883.0,49873.5,86.7727,200,1.5264,1.2594
51117.0,51146.0,51131.5,85.3444,200,1.5499,1.1655
51146.0,51173.0,51159.5,83.8985,200,1.5515,1.1441
51173.0,51201.0,51187.0,84.3074,200,1.5392,1.1159
51201.0,51230.0,51215.5,84.6821,200,1.5427,1.1451
51230.0,51259.0,51244.5,84.6291,200,1.542,1.1381
51259.0,51287.0,51273.0,84.4569,200,1.5374,1.157
51287.0,51299.0,51293.0,83.8658,200,1.5341,1.128
51319.0,51348.0,51333.5,84.7024,180,1.5255,1.0313
51348.0,51362.0,51355.0,84.6981,180,1.5249,1.0098
51381.0,51407.0,51394.0,84.4346,200,1.5452,1.151
51428.0,51456.0,51442.0,85.3549,250,1.5429,1.2409
51475.0,51504.0,51489.5,85.4764,350,1.5227,1.2888
51532.0,51562.0,51547.0,85.3158,450,1.5171,1.2437
51669.0,51699.0,51684.0,85.3486,450,1.5363,1.3299
51725.0,51759.0,51742.0,85.9141,350,1.5225,1.2888
51781.0,51805.0,51793.0,85.4406,250,1.544,1.2444
51828.0,51852.0,51840.0,84.5471,200,1.545,1.1204
51874.0,51902.0,51888.0,84.6342,180,1.5256,1.0332
51922.0,51949.0,51935.5,85.2512,200,1.5405,1.1428
51968.0,51996.0,51982.0,84.8432,250,1.5389,1.2409
52015.0,52044.0,52029.5,85.0826,350,1.5206,1.2773
52079.0,52106.0,52092.5,84.8344,200,1.5358,1.1949
53285.0,53348.0,53316.5,85.1289,200,1.5354,1.2779
53348.0,53378.0,53363.0,84.6251,200,1.5514,1.1964
53378.0,53428.0,53403.0,85.6431,200,1.54,1.219
53428.0,53446.0,53437.0,85.0375,200,1.5366,1.2061
53446.0,53510.0,53478.0,85.3978,200,1.5358,1.2351
53510.0,53530.0,53520.0,84.4708,200,1.5386,1.1905
53530.0,53602.0,53566.0,85.1472,200,1.5255,1.1923
53602.0,53632.0,53617.0,85.7519,200,1.5355,1.2165
53632.0,53640.0,53636.0,85.775,200,1.5388,1.2217
54071.0,54101.0,54086.0,85.0159,200,1.5522,1.3863
54101.0,54131.0,54116.0,84.3865,200,1.5575,1.3632
54131.0,54161.0,54146.0,84.4,200,1.5473,1.3504
54161.0,54191.0,54176.0,84.4391,200,1.5515,1.3491
54191.0,54221.0,54206.0,84.3972,200,1.5585,1.3555
54221.0,54249.0,54235.0,84.3378,200,1.5669,1.3881
54249.0,54278.0,54263.5,84.4319,200,1.5564,1.38
54278.0,54305.0,54291.5,84.4333,200,1.5673,1.3893
54305.0,54334.0,54319.5,84.4822,200,1.5626,1.3458
54334.0,54363.0,54348.5,85.4554,200,1.5528,1.3555
54363.0,54392.0,54377.5,85.6363,200,1.5614,1.3688
54392.0,54421.0,54406.5,85.1333,200,1.5818,1.4304
54421.0,54451.0,54436.0,85.4773,200,1.5682,1.4029
54451.0,54480.0,54465.5,85.3099,200,1.5847,1.4568
54480.0,54588.0,54534.0,84.8808,200,1.5693,1.4063
54588.0,54618.0,54603.0,86.0917,200,1.5434,1.3361
54618.0,54648.0,54633.0,85.6159,200,1.543,1.337
54648.0,54718.0,54683.0,84.8186,200,1.5396,1.3742
54718.0,54748.0,54733.0,84.9047,200,1.5488,1.3314
54748.0,54777.0,54762.5,85.0556,200,1.558,1.3192
54777.0,54800.0,54788.5,85.0734,200,1.568,1.4224
54800.0,54839.0,54819.5,84.8403,200,1.5726,1.4491
54839.0,54888.0,54863.5,85.3787,200,1.5637,1.3822
54888.0,54916.0,54902.0,85.2226,200,1.5519,1.3293
54916.0,55029.0,54972.5,84.999,200,1.5452,1.3207
55029.0,55058.0,55043.5,85.1732,200,1.5491,1.3231
55058.0,55088.0,55073.0,84.7732,200,1.5807,1.3655
55088.0,55116.0,55102.0,85.2179,200,1.5738,1.4587
55116.0,55146.0,55131.0,85.0005,200,1.5582,1.3973
55146.0,55160.0,55153.0,85.2975,200,1.5489,1.3367
55160.0,55299.0,55229.5,85.4066,200,1.5424,1.3207
55299.0,55326.0,55312.5,84.5277,200,1.5455,1.3287
55326.0,55362.0,55344.0,84.9106,200,1.5419,1.2886
55362.0,55390.0,55376.0,84.5521,200,1.5315,1.2317
55390.0,55419.0,55404.5,85.3909,200,1.5381,1.2472
55419.0,55447.0,55433.0,84.5846,200,1.5306,1.2618
55447.0,55480.0,55463.5,85.8456,200,1.5276,1.1976
55480.0,55510.0,55495.0,85.7683,200,1.5218,1.1816
55510.0,55534.0,55522.0,85.7751,200,1.5272,1.1414
55534.0,55563.0,55548.5,84.8387,200,1.5257,1.1726
55563.0,55579.0,55571.0,85.0682,200,1.525,1.1976
55600.0,55626.0,55613.0,84.7683,180,1.5094,1.0313
55626.0,55638.0,55632.0,86.0146,180,1.5124,1.0833
55709.0,55737.0,55723.0,85.7001,250,1.5409,1.3193
55756.0,55785.0,55770.5,85.2656,350,1.5253,1.3066
55951.0,55982.0,55966.5,85.2211,200,1.5358,1.1334
55982.0,56021.0,56001.5,84.6907,200,1.5361,1.1762
56021.0,56055.0,56038.0,84.733,200,1.5438,1.1173
56055.0,56103.0,56079.0,85.0574,200,1.5349,1.1494
56103.0,56136.0,56119.5,85.1343,200,1.5471,1.1173
56136.0,56174.0,56155.0,84.6319,200,1.5461,1.1494
56174.0,56204.0,56189.0,84.2782,200,1.5414,1.1441
56204.0,56225.0,56214.5,84.7616,200,1.5323,1.1593
56225.0,56257.0,56241.0,84.1143,200,1.5457,1.1227
56257.0,56286.0,56271.5,83.8134,200,1.5325,1.1624
56286.0,56314.0,56300.0,83.6432,200,1.5327,1.1236
56314.0,56339.0,56326.5,83.0917,200,1.5368,1.1472
56339.0,56369.0,56354.0,83.3832,200,1.5386,1.1173
56369.0,56396.0,56382.5,83.5713,200,1.5443,1.1066
56396.0,56424.0,56410.0,83.3381,200,1.5457,1.0852
56424.0,56454.0,56439.0,83.52,200,1.5414,1.0852
56454.0,56489.0,56471.5,83.7397,200,1.5471,1.1066
56489.0,56537.0,56513.0,84.0464,200,1.5527,1.1066
56537.0,56576.0,56556.5,84.7248,200,1.5414,1.1816
56576.0,56607.0,56591.5,85.7308,200,1.5433,1.1976
56607.0,56644.0,56625.5,86.03,200,1.5419,1.1173
56644.0,56675.0,56659.5,84.9542,200,1.5363,1.1494
56675.0,56707.0,56691.0,84.8603,200,1.5349,1.1708
56707.0,56735.0,56721.0,85.4313,200,1.5366,1.1593
56735.0,56764.0,56749.5,85.2943,200,1.531,1.1854
56764.0,56798.0,56781.0,85.1281,200,1.5321,1.1923
56798.0,56831.0,56814.5,85.801,200,1.5316,1.1869
56831.0,56859.0,56845.0,85.3882,200,1.526,1.1601
56859.0,56888.0,56873.5,85.041,200,1.5297,1.1601
56888.0,56918.0,56903.0,84.7436,200,1.5354,1.1601
56918.0,56949.0,56933.5,85.127,200,1.5274,1.1762
56949.0,56976.0,56962.5,85.2043,200,1.5335,1.1593
56976.0,57005.0,56990.5,85.5004,200,1.5309,1.211
57005.0,57033.0,57019.0,85.6423,200,1.5288,1.1601
57033.0,57062.0,57047.5,85.9536,200,1.533,1.1548
57062.0,57098.0,57080.0,85.7218,200,1.5297,1.1655
57098.0,57128.0,57113.0,84.449,200,1.5377,1.1334
57128.0,57158.0,57143.0,84.271,200,1.5464,1.1334
57158.0,57184.0,57171.0,84.3291,200,1.5413,1.137
57184.0,57213.0,57198.5,84.2818,200,1.5356,1.128
57213.0,57244.0,57228.5,85.2301,200,1.5354,1.2083
57244.0,57267.0,57255.5,85.18,200,1.5405,1.1749
